29897
17800
27166
27548
5846
19022
31237
21060
25287
865
13106
14788
25996
2121
18852
7692
22304
10354
13131
14679
31021
24567
23273
17722
19099
26681
17302
16217
2009
25778
22690
19736
31303
26671
28284
24690
28719
12551
13902
19411
16855
20251
20612
31699
7634
11239
28314
20973
22326
26533
2131
28574
16854
2415
29705
28454
2629
14431
17716
2767
17758
17523
15071
26313
20421
11501
10432
13953
19563
10605
11176
31204
1024
17221
18049
32203
28389
17441
29734
26741
5078
31851
31958
26311
24778
14357
17845
22142
57
8690
345
14866
8213
23494
17794
31971
9701
17582
27699
28978
