448
348
208
201
324
427
354
377
482
257
276
452
395
477
383
476
483
385
426
462
481
266
404
353
480
331
412
418
402
407
304
297
393
493
399
207
376
356
210
221
410
212
467
206
416
429
291
417
398
463
464
355
424
294
336
275
218
333
386
211
425
255
446
292
260
339
345
249
224
252
496
375
328
215
497
485
233
337
397
413
298
203
296
400
460
351
316
334
420
322
238
286
478
278
216
317
364
432
237
235
213
408
442
319
310
414
269
500
282
384
290
411
352
289
350
387
270
285
309
378
308
227
438
382
342
272
228
301
436
330
371
358
232
219
302
340
332
311
254
492
303
346
422
360
231
479
484
367
217
287
277
406
244
247
372
459
368
315
204
225
306
443
489
230
214
288
491
200
472
293
271
327
320
461
415
431
468
347
365
381
449
329
390
389
396
457
263
419
273
243
444
262
362
374
473
344
437
318
258
312
450
236
323
361
430
434
363
447
441
222
366
435
454
283
205
466
465
338
471
445
475
239
440
226
250
335
490
380
261
264
357
392
267
220
295
458
253
494
265
370
499
202
403
245
474
379
242
388
279
433
488
487
349
341
456
373
248
234
495
259
229
486
451
325
240
256
391
241
246
469
281
321
455
251
223
405
299
428
470
421
359
394
280
307
423
369
314
453
313
409
326
268
498
401
343
439
284
209
300
305
274
